    2    6
        2.7269110911       -0.0000000000        0.0000000000
       -2.7269110912        0.0000000000        0.0000000000
       -0.0000000000        2.7269110911        0.0000000000
       -0.0000000000       -2.7269110912        0.0000000000
        0.0000000000        0.0000000000       65.9546630067
        0.0000000000        0.0000000000      -65.9546630067
       -2.7269110912        0.0000000000        0.0000000000
        2.7269110912       -0.0000000000        0.0000000000
       -0.0000000000       -2.7269110912        0.0000000000
       -0.0000000000        2.7269110912        0.0000000000
        0.0000000000        0.0000000000      -65.9546630067
        0.0000000000        0.0000000000       65.9546630067
