    2    6
        2.7269110885       -0.0000000000        0.0000000000
       -2.7269110885       -0.0000000000        0.0000000000
        0.0000000000        2.7269110885        0.0000000000
       -0.0000000000       -2.7269110885        0.0000000000
        0.0000000000        0.0000000000       65.9546630031
        0.0000000000        0.0000000000      -65.9546630031
       -2.7269110885       -0.0000000000        0.0000000000
        2.7269110885       -0.0000000000        0.0000000000
       -0.0000000000       -2.7269110885        0.0000000000
        0.0000000000        2.7269110885        0.0000000000
        0.0000000000        0.0000000000      -65.9546630031
        0.0000000000        0.0000000000       65.9546630031
