    2    6
       12.6093767988        0.0000000000        0.0000000000
      -12.6093767988       -0.0000000000        0.0000000000
        0.0000000000       12.6093767988        0.0000000000
        0.0000000000      -12.6093767988        0.0000000000
        0.0000000000        0.0000000000        5.5309173480
        0.0000000000        0.0000000000       -5.5309173480
      -12.6093767988       -0.0000000000        0.0000000000
       12.6093767988        0.0000000000        0.0000000000
        0.0000000000      -12.6093767988        0.0000000000
        0.0000000000       12.6093767988        0.0000000000
        0.0000000000        0.0000000000       -5.5309173480
        0.0000000000        0.0000000000        5.5309173480
