    2    6
        2.7269110976        0.0000000000        0.0000000000
       -2.7269110976        0.0000000000       -0.0000000000
        0.0000000000        2.7269110975        0.0000000000
        0.0000000000       -2.7269110975        0.0000000000
        0.0000000000        0.0000000000       65.9546630155
       -0.0000000000        0.0000000000      -65.9546630155
       -2.7269110976        0.0000000000       -0.0000000000
        2.7269110976        0.0000000000        0.0000000000
        0.0000000000       -2.7269110975        0.0000000000
        0.0000000000        2.7269110975        0.0000000000
       -0.0000000000        0.0000000000      -65.9546630155
        0.0000000000        0.0000000000       65.9546630155
