INTGRL        1    0    1    0    0    0    0    0    0
         *** CFOUR Program System (Release V0.1) *** 
Carbon Monoxide DBOC calculation
    2    2 X  Y       0.10E-08              0    0
   9999.00      3.00
          6.00000000    1    5    1    1    1    1    1
C #1  -0.000000000000000   0.000000000000000   1.176018478174915
   16    9
   33980.0000000000       9.100000000000000E-005 -1.900000000000000E-005
  0.000000000000000E+000  0.000000000000000E+000  0.000000000000000E+000
  0.000000000000000E+000  0.000000000000000E+000  0.000000000000000E+000
  0.000000000000000E+000
   5089.00000000000       7.040000000000000E-004 -1.510000000000000E-004
  0.000000000000000E+000  0.000000000000000E+000  0.000000000000000E+000
  0.000000000000000E+000  0.000000000000000E+000  0.000000000000000E+000
  0.000000000000000E+000
   1157.00000000000       3.693000000000000E-003 -7.850000000000000E-004
  0.000000000000000E+000  0.000000000000000E+000  0.000000000000000E+000
  0.000000000000000E+000  0.000000000000000E+000  0.000000000000000E+000
  0.000000000000000E+000
   326.600000000000       1.536000000000000E-002 -3.324000000000000E-003
  0.000000000000000E+000  0.000000000000000E+000  0.000000000000000E+000
  0.000000000000000E+000  0.000000000000000E+000  0.000000000000000E+000
  0.000000000000000E+000
   106.100000000000       5.292900000000000E-002 -1.151200000000000E-002
  0.000000000000000E+000  0.000000000000000E+000  0.000000000000000E+000
  0.000000000000000E+000  0.000000000000000E+000  0.000000000000000E+000
  0.000000000000000E+000
   38.1100000000000       0.147043000000000      -3.416000000000000E-002
  0.000000000000000E+000  0.000000000000000E+000  0.000000000000000E+000
  0.000000000000000E+000  0.000000000000000E+000  0.000000000000000E+000
  0.000000000000000E+000
   14.7500000000000       0.305631000000000      -7.717300000000001E-002
  0.000000000000000E+000  0.000000000000000E+000  0.000000000000000E+000
  0.000000000000000E+000  0.000000000000000E+000  0.000000000000000E+000
  0.000000000000000E+000
   6.03500000000000       0.399345000000000      -0.141493000000000     
  0.000000000000000E+000  0.000000000000000E+000  0.000000000000000E+000
  0.000000000000000E+000  0.000000000000000E+000  0.000000000000000E+000
  0.000000000000000E+000
   2.53000000000000       0.217051000000000      -0.118019000000000     
  0.000000000000000E+000  0.000000000000000E+000  0.000000000000000E+000
  0.000000000000000E+000  0.000000000000000E+000  0.000000000000000E+000
  0.000000000000000E+000
  0.735500000000000       1.589400000000000E-002  0.273806000000000     
   1.00000000000000       0.000000000000000E+000  0.000000000000000E+000
  0.000000000000000E+000  0.000000000000000E+000  0.000000000000000E+000
  0.000000000000000E+000
  0.290500000000000      -3.084000000000000E-003  0.586510000000000     
  0.000000000000000E+000   1.00000000000000       0.000000000000000E+000
  0.000000000000000E+000  0.000000000000000E+000  0.000000000000000E+000
  0.000000000000000E+000
  0.111100000000000       9.779999999999999E-004  0.285430000000000     
  0.000000000000000E+000  0.000000000000000E+000   1.00000000000000     
  0.000000000000000E+000  0.000000000000000E+000  0.000000000000000E+000
  0.000000000000000E+000
   7.21600000000000       0.000000000000000E+000  0.000000000000000E+000
  0.000000000000000E+000  0.000000000000000E+000  0.000000000000000E+000
   1.00000000000000       0.000000000000000E+000  0.000000000000000E+000
  0.000000000000000E+000
   19.5700000000000       0.000000000000000E+000  0.000000000000000E+000
  0.000000000000000E+000  0.000000000000000E+000  0.000000000000000E+000
  0.000000000000000E+000   1.00000000000000       0.000000000000000E+000
  0.000000000000000E+000
   53.0730000000000       0.000000000000000E+000  0.000000000000000E+000
  0.000000000000000E+000  0.000000000000000E+000  0.000000000000000E+000
  0.000000000000000E+000  0.000000000000000E+000   1.00000000000000     
  0.000000000000000E+000
  4.145000000000000E-002  0.000000000000000E+000  0.000000000000000E+000
  0.000000000000000E+000  0.000000000000000E+000  0.000000000000000E+000
  0.000000000000000E+000  0.000000000000000E+000  0.000000000000000E+000
   1.00000000000000     
   10    8
   34.5100000000000       5.378000000000000E-003  0.000000000000000E+000
  0.000000000000000E+000  0.000000000000000E+000  0.000000000000000E+000
  0.000000000000000E+000  0.000000000000000E+000  0.000000000000000E+000
   7.91500000000000       3.613200000000000E-002  0.000000000000000E+000
  0.000000000000000E+000  0.000000000000000E+000  0.000000000000000E+000
  0.000000000000000E+000  0.000000000000000E+000  0.000000000000000E+000
   2.36800000000000       0.142493000000000       0.000000000000000E+000
  0.000000000000000E+000  0.000000000000000E+000  0.000000000000000E+000
  0.000000000000000E+000  0.000000000000000E+000  0.000000000000000E+000
  0.813200000000000       0.342150000000000        1.00000000000000     
  0.000000000000000E+000  0.000000000000000E+000  0.000000000000000E+000
  0.000000000000000E+000  0.000000000000000E+000  0.000000000000000E+000
  0.289000000000000       0.463864000000000       0.000000000000000E+000
   1.00000000000000       0.000000000000000E+000  0.000000000000000E+000
  0.000000000000000E+000  0.000000000000000E+000  0.000000000000000E+000
  0.100700000000000       0.250028000000000       0.000000000000000E+000
  0.000000000000000E+000   1.00000000000000       0.000000000000000E+000
  0.000000000000000E+000  0.000000000000000E+000  0.000000000000000E+000
   8.18200000000000       0.000000000000000E+000  0.000000000000000E+000
  0.000000000000000E+000  0.000000000000000E+000   1.00000000000000     
  0.000000000000000E+000  0.000000000000000E+000  0.000000000000000E+000
   24.1860000000000       0.000000000000000E+000  0.000000000000000E+000
  0.000000000000000E+000  0.000000000000000E+000  0.000000000000000E+000
   1.00000000000000       0.000000000000000E+000  0.000000000000000E+000
   71.4940000000000       0.000000000000000E+000  0.000000000000000E+000
  0.000000000000000E+000  0.000000000000000E+000  0.000000000000000E+000
  0.000000000000000E+000   1.00000000000000       0.000000000000000E+000
  3.218000000000000E-002  0.000000000000000E+000  0.000000000000000E+000
  0.000000000000000E+000  0.000000000000000E+000  0.000000000000000E+000
  0.000000000000000E+000  0.000000000000000E+000   1.00000000000000     
    6    6
   1.84800000000000        1.00000000000000       0.000000000000000E+000
  0.000000000000000E+000  0.000000000000000E+000  0.000000000000000E+000
  0.000000000000000E+000
  0.649000000000000       0.000000000000000E+000   1.00000000000000     
  0.000000000000000E+000  0.000000000000000E+000  0.000000000000000E+000
  0.000000000000000E+000
  0.228000000000000       0.000000000000000E+000  0.000000000000000E+000
   1.00000000000000       0.000000000000000E+000  0.000000000000000E+000
  0.000000000000000E+000
   8.65600000000000       0.000000000000000E+000  0.000000000000000E+000
  0.000000000000000E+000   1.00000000000000       0.000000000000000E+000
  0.000000000000000E+000
   33.2130000000000       0.000000000000000E+000  0.000000000000000E+000
  0.000000000000000E+000  0.000000000000000E+000   1.00000000000000     
  0.000000000000000E+000
  7.660000000000000E-002  0.000000000000000E+000  0.000000000000000E+000
  0.000000000000000E+000  0.000000000000000E+000  0.000000000000000E+000
   1.00000000000000     
    4    4
   1.41900000000000        1.00000000000000       0.000000000000000E+000
  0.000000000000000E+000  0.000000000000000E+000
  0.485000000000000       0.000000000000000E+000   1.00000000000000     
  0.000000000000000E+000  0.000000000000000E+000
   24.6940000000000       0.000000000000000E+000  0.000000000000000E+000
   1.00000000000000       0.000000000000000E+000
  0.187000000000000       0.000000000000000E+000  0.000000000000000E+000
  0.000000000000000E+000   1.00000000000000     
    2    2
   1.01100000000000        1.00000000000000       0.000000000000000E+000
  0.424000000000000       0.000000000000000E+000   1.00000000000000     
          8.00000000    1    5    1    1    1    1    1
O #2   0.000000000000000   0.000000000000000  -0.956065468768367
   16    9
   61420.0000000000       9.000000000000001E-005 -2.000000000000000E-005
  0.000000000000000E+000  0.000000000000000E+000  0.000000000000000E+000
  0.000000000000000E+000  0.000000000000000E+000  0.000000000000000E+000
  0.000000000000000E+000
   9199.00000000000       6.980000000000001E-004 -1.590000000000000E-004
  0.000000000000000E+000  0.000000000000000E+000  0.000000000000000E+000
  0.000000000000000E+000  0.000000000000000E+000  0.000000000000000E+000
  0.000000000000000E+000
   2091.00000000000       3.664000000000000E-003 -8.290000000000000E-004
  0.000000000000000E+000  0.000000000000000E+000  0.000000000000000E+000
  0.000000000000000E+000  0.000000000000000E+000  0.000000000000000E+000
  0.000000000000000E+000
   590.900000000000       1.521800000000000E-002 -3.508000000000000E-003
  0.000000000000000E+000  0.000000000000000E+000  0.000000000000000E+000
  0.000000000000000E+000  0.000000000000000E+000  0.000000000000000E+000
  0.000000000000000E+000
   192.300000000000       5.242300000000000E-002 -1.215600000000000E-002
  0.000000000000000E+000  0.000000000000000E+000  0.000000000000000E+000
  0.000000000000000E+000  0.000000000000000E+000  0.000000000000000E+000
  0.000000000000000E+000
   69.3200000000000       0.145921000000000      -3.626100000000000E-002
  0.000000000000000E+000  0.000000000000000E+000  0.000000000000000E+000
  0.000000000000000E+000  0.000000000000000E+000  0.000000000000000E+000
  0.000000000000000E+000
   26.9700000000000       0.305258000000000      -8.299200000000000E-002
  0.000000000000000E+000  0.000000000000000E+000  0.000000000000000E+000
  0.000000000000000E+000  0.000000000000000E+000  0.000000000000000E+000
  0.000000000000000E+000
   11.1000000000000       0.398508000000000      -0.152090000000000     
  0.000000000000000E+000  0.000000000000000E+000  0.000000000000000E+000
  0.000000000000000E+000  0.000000000000000E+000  0.000000000000000E+000
  0.000000000000000E+000
   4.68200000000000       0.216980000000000      -0.115331000000000     
  0.000000000000000E+000  0.000000000000000E+000  0.000000000000000E+000
  0.000000000000000E+000  0.000000000000000E+000  0.000000000000000E+000
  0.000000000000000E+000
   1.42800000000000       1.759400000000000E-002  0.288979000000000     
   1.00000000000000       0.000000000000000E+000  0.000000000000000E+000
  0.000000000000000E+000  0.000000000000000E+000  0.000000000000000E+000
  0.000000000000000E+000
  0.554700000000000      -2.502000000000000E-003  0.586128000000000     
  0.000000000000000E+000   1.00000000000000       0.000000000000000E+000
  0.000000000000000E+000  0.000000000000000E+000  0.000000000000000E+000
  0.000000000000000E+000
  0.206700000000000       9.540000000000000E-004  0.277624000000000     
  0.000000000000000E+000  0.000000000000000E+000   1.00000000000000     
  0.000000000000000E+000  0.000000000000000E+000  0.000000000000000E+000
  0.000000000000000E+000
   12.9740000000000       0.000000000000000E+000  0.000000000000000E+000
  0.000000000000000E+000  0.000000000000000E+000  0.000000000000000E+000
   1.00000000000000       0.000000000000000E+000  0.000000000000000E+000
  0.000000000000000E+000
   34.9000000000000       0.000000000000000E+000  0.000000000000000E+000
  0.000000000000000E+000  0.000000000000000E+000  0.000000000000000E+000
  0.000000000000000E+000   1.00000000000000       0.000000000000000E+000
  0.000000000000000E+000
   93.8810000000000       0.000000000000000E+000  0.000000000000000E+000
  0.000000000000000E+000  0.000000000000000E+000  0.000000000000000E+000
  0.000000000000000E+000  0.000000000000000E+000   1.00000000000000     
  0.000000000000000E+000
  6.959000000000000E-002  0.000000000000000E+000  0.000000000000000E+000
  0.000000000000000E+000  0.000000000000000E+000  0.000000000000000E+000
  0.000000000000000E+000  0.000000000000000E+000  0.000000000000000E+000
   1.00000000000000     
   10    8
   63.4200000000000       6.044000000000000E-003  0.000000000000000E+000
  0.000000000000000E+000  0.000000000000000E+000  0.000000000000000E+000
  0.000000000000000E+000  0.000000000000000E+000  0.000000000000000E+000
   14.6600000000000       4.179900000000000E-002  0.000000000000000E+000
  0.000000000000000E+000  0.000000000000000E+000  0.000000000000000E+000
  0.000000000000000E+000  0.000000000000000E+000  0.000000000000000E+000
   4.45900000000000       0.161143000000000       0.000000000000000E+000
  0.000000000000000E+000  0.000000000000000E+000  0.000000000000000E+000
  0.000000000000000E+000  0.000000000000000E+000  0.000000000000000E+000
   1.53100000000000       0.356731000000000        1.00000000000000     
  0.000000000000000E+000  0.000000000000000E+000  0.000000000000000E+000
  0.000000000000000E+000  0.000000000000000E+000  0.000000000000000E+000
  0.530200000000000       0.448309000000000       0.000000000000000E+000
   1.00000000000000       0.000000000000000E+000  0.000000000000000E+000
  0.000000000000000E+000  0.000000000000000E+000  0.000000000000000E+000
  0.175000000000000       0.244940000000000       0.000000000000000E+000
  0.000000000000000E+000   1.00000000000000       0.000000000000000E+000
  0.000000000000000E+000  0.000000000000000E+000  0.000000000000000E+000
   14.4750000000000       0.000000000000000E+000  0.000000000000000E+000
  0.000000000000000E+000  0.000000000000000E+000   1.00000000000000     
  0.000000000000000E+000  0.000000000000000E+000  0.000000000000000E+000
   42.7300000000000       0.000000000000000E+000  0.000000000000000E+000
  0.000000000000000E+000  0.000000000000000E+000  0.000000000000000E+000
   1.00000000000000       0.000000000000000E+000  0.000000000000000E+000
   126.140000000000       0.000000000000000E+000  0.000000000000000E+000
  0.000000000000000E+000  0.000000000000000E+000  0.000000000000000E+000
  0.000000000000000E+000   1.00000000000000       0.000000000000000E+000
  5.348000000000000E-002  0.000000000000000E+000  0.000000000000000E+000
  0.000000000000000E+000  0.000000000000000E+000  0.000000000000000E+000
  0.000000000000000E+000  0.000000000000000E+000   1.00000000000000     
    6    6
   3.77500000000000        1.00000000000000       0.000000000000000E+000
  0.000000000000000E+000  0.000000000000000E+000  0.000000000000000E+000
  0.000000000000000E+000
   1.30000000000000       0.000000000000000E+000   1.00000000000000     
  0.000000000000000E+000  0.000000000000000E+000  0.000000000000000E+000
  0.000000000000000E+000
  0.444000000000000       0.000000000000000E+000  0.000000000000000E+000
   1.00000000000000       0.000000000000000E+000  0.000000000000000E+000
  0.000000000000000E+000
   14.9270000000000       0.000000000000000E+000  0.000000000000000E+000
  0.000000000000000E+000   1.00000000000000       0.000000000000000E+000
  0.000000000000000E+000
   57.5440000000000       0.000000000000000E+000  0.000000000000000E+000
  0.000000000000000E+000  0.000000000000000E+000   1.00000000000000     
  0.000000000000000E+000
  0.154000000000000       0.000000000000000E+000  0.000000000000000E+000
  0.000000000000000E+000  0.000000000000000E+000  0.000000000000000E+000
   1.00000000000000     
    4    4
   2.66600000000000        1.00000000000000       0.000000000000000E+000
  0.000000000000000E+000  0.000000000000000E+000
  0.859000000000000       0.000000000000000E+000   1.00000000000000     
  0.000000000000000E+000  0.000000000000000E+000
   26.4830000000000       0.000000000000000E+000  0.000000000000000E+000
   1.00000000000000       0.000000000000000E+000
  0.324000000000000       0.000000000000000E+000  0.000000000000000E+000
  0.000000000000000E+000   1.00000000000000     
    2    2
   1.84600000000000        1.00000000000000       0.000000000000000E+000
  0.714000000000000       0.000000000000000E+000   1.00000000000000     
FINISH
