    2    6
       12.6173084608        0.0000000000       -0.0000000000
      -12.6173084608        0.0000000000        0.0000000000
        0.0000000000       12.6173084608        0.0000000000
        0.0000000000      -12.6173084608        0.0000000000
       -0.0000000000        0.0000000000        5.5464787654
        0.0000000000        0.0000000000       -5.5464787654
      -12.6173084608        0.0000000000        0.0000000000
       12.6173084608        0.0000000000       -0.0000000000
        0.0000000000      -12.6173084608        0.0000000000
        0.0000000000       12.6173084608        0.0000000000
        0.0000000000        0.0000000000       -5.5464787654
       -0.0000000000        0.0000000000        5.5464787654
