    2    6
        2.7269111106       -0.0000000000        0.0000000000
       -2.7269111106       -0.0000000000        0.0000000000
       -0.0000000000        2.7269111106        0.0000000000
       -0.0000000000       -2.7269111106        0.0000000000
        0.0000000000        0.0000000000       65.9546630030
        0.0000000000        0.0000000000      -65.9546630030
       -2.7269111106       -0.0000000000        0.0000000000
        2.7269111106       -0.0000000000        0.0000000000
       -0.0000000000       -2.7269111106        0.0000000000
       -0.0000000000        2.7269111106        0.0000000000
        0.0000000000        0.0000000000      -65.9546630030
        0.0000000000        0.0000000000       65.9546630030
