    2    6
       26.1998353469       -0.0000000000        0.0000000000
      -26.1998353469        0.0000000000        0.0000000000
       -0.0000000000       26.1998353469        0.0000000000
        0.0000000000      -26.1998353469        0.0000000000
        0.0000000000        0.0000000000       32.4445230709
        0.0000000000        0.0000000000      -32.4445230709
      -26.1998353469        0.0000000000        0.0000000000
       26.1998353469       -0.0000000000        0.0000000000
        0.0000000000      -26.1998353469        0.0000000000
       -0.0000000000       26.1998353469        0.0000000000
        0.0000000000        0.0000000000      -32.4445230709
        0.0000000000        0.0000000000       32.4445230709
