    2    6
       20.5974978146        0.0000000000        0.0000000000
      -20.5974978146       -0.0000000000        0.0000000000
       -0.0000000000       20.5974978146        0.0000000000
        0.0000000000      -20.5974978146        0.0000000000
        0.0000000000        0.0000000000      121.4915922329
        0.0000000000        0.0000000000     -121.4915922329
      -20.5974978146       -0.0000000000        0.0000000000
       20.5974978146        0.0000000000        0.0000000000
        0.0000000000      -20.5974978146        0.0000000000
       -0.0000000000       20.5974978146        0.0000000000
        0.0000000000        0.0000000000     -121.4915922329
        0.0000000000        0.0000000000      121.4915922329
