       65.6451093086        0.0000000000
       65.6451093086        0.0703557310
 
       65.6451075937        0.0000000000
       65.6451075937        0.0703557310
 
        0.0000066639        0.0000000000
        0.0000066639        0.0000000000
 
        0.0000000000        0.0000000000
        0.0000000000        0.0000000000
 
        0.0000004804        0.0000000000
        0.0000004804        0.0000000000
 
     2177.5814383038        0.0000000000
     2177.5814383038       64.3686103629
 
